server=1
listen=1
daemon=1

port=19444
rpcport=19446
rpcbind=127.0.0.1
rpcallowip=127.0.0.1

minrelaytxfee=0.00001
incrementalrelayfee=0.00001
fallbackfee=0.0001
